 &plot nbnd=  14, nks=    82 /
           -0.500000  0.500000  0.500000
   -3.406   -0.745    5.027    5.027    7.755    9.565    9.565   13.959   16.784   16.784
   17.566   17.566   17.576   19.218
           -0.475000  0.475000  0.475000
   -3.441   -0.694    5.031    5.031    7.760    9.570    9.570   13.967   16.530   16.530
   17.442   17.838   17.838   19.346
           -0.450000  0.450000  0.450000
   -3.540   -0.549    5.045    5.045    7.775    9.586    9.586   13.990   16.096   16.096
   17.124   18.328   18.328   19.638
           -0.425000  0.425000  0.425000
   -3.684   -0.327    5.067    5.067    7.801    9.610    9.610   14.026   15.649   15.649
   16.730   18.866   18.866   19.967
           -0.400000  0.400000  0.400000
   -3.857   -0.047    5.098    5.098    7.837    9.641    9.641   14.070   15.219   15.219
   16.314   19.421   19.421   20.229
           -0.375000  0.375000  0.375000
   -4.043    0.277    5.139    5.139    7.883    9.676    9.676   14.111   14.815   14.815
   15.907   19.976   19.976   20.304
           -0.350000  0.350000  0.350000
   -4.233    0.635    5.188    5.188    7.938    9.710    9.710   14.123   14.444   14.444
   15.539   20.100   20.508   20.508
           -0.325000  0.325000  0.325000
   -4.422    1.021    5.245    5.245    8.003    9.740    9.740   14.055   14.114   14.114
   15.266   19.676   20.962   20.962
           -0.300000  0.300000  0.300000
   -4.603    1.429    5.311    5.311    8.076    9.757    9.757   13.830   13.830   13.852
   15.142   19.153   21.225   21.225
           -0.275000  0.275000  0.275000
   -4.775    1.855    5.385    5.385    8.157    9.755    9.755   13.525   13.600   13.600
   15.150   18.602   21.172   21.172
           -0.250000  0.250000  0.250000
   -4.936    2.297    5.466    5.466    8.246    9.728    9.728   13.131   13.431   13.431
   15.226   18.067   20.859   20.859
           -0.225000  0.225000  0.225000
   -5.084    2.751    5.554    5.554    8.340    9.671    9.671   12.705   13.327   13.327
   15.318   17.581   20.432   20.432
           -0.200000  0.200000  0.200000
   -5.218    3.215    5.647    5.647    8.437    9.585    9.585   12.263   13.286   13.286
   15.380   17.184   19.970   19.970
           -0.175000  0.175000  0.175000
   -5.338    3.685    5.743    5.743    8.536    9.473    9.473   11.813   13.304   13.304
   15.353   16.932   19.506   19.506
           -0.150000  0.150000  0.150000
   -5.442    4.158    5.841    5.841    8.631    9.344    9.344   11.363   13.371   13.371
   15.205   16.859   19.060   19.060
           -0.125000  0.125000  0.125000
   -5.531    4.625    5.938    5.938    8.719    9.209    9.209   10.919   13.475   13.475
   14.973   16.924   18.644   18.644
           -0.100000  0.100000  0.100000
   -5.604    5.079    6.028    6.028    8.792    9.076    9.076   10.495   13.600   13.600
   14.725   17.058   18.268   18.268
           -0.075000  0.075000  0.075000
   -5.661    5.503    6.108    6.108    8.838    8.958    8.958   10.113   13.730   13.730
   14.503   17.212   17.948   17.948
           -0.050000  0.050000  0.050000
   -5.702    5.868    6.172    6.172    8.843    8.865    8.865    9.809   13.846   13.846
   14.332   17.351   17.698   17.698
           -0.025000  0.025000  0.025000
   -5.727    6.130    6.213    6.213    8.804    8.804    8.809    9.624   13.927   13.927
   14.225   17.447   17.538   17.538
            0.000000  0.000000  0.000000
   -5.735    6.227    6.227    6.227    8.784    8.784    8.784    9.566   13.956   13.956
   14.189   17.482   17.482   17.482
           -0.050000 -0.000000  0.000000
   -5.724    6.153    6.180    6.180    8.757    8.844    8.844    9.639   13.867   13.968
   14.237   17.501   17.501   17.545
           -0.100000 -0.000000  0.000000
   -5.691    5.946    6.051    6.051    8.679    9.014    9.014    9.837   13.628   14.004
   14.380   17.558   17.558   17.710
           -0.150000 -0.000000  0.000000
   -5.637    5.646    5.866    5.866    8.558    9.266    9.266   10.111   13.305   14.065
   14.608   17.653   17.653   17.933
           -0.200000 -0.000000  0.000000
   -5.560    5.286    5.650    5.650    8.406    9.576    9.576   10.396   12.976   14.150
   14.910   17.785   17.785   18.182
           -0.250000  0.000000  0.000000
   -5.462    4.889    5.419    5.419    8.234    9.925    9.925   10.605   12.739   14.258
   15.273   17.954   17.954   18.441
           -0.300000 -0.000000  0.000000
   -5.343    4.471    5.186    5.186    8.051   10.303   10.303   10.628   12.713   14.392
   15.688   18.158   18.158   18.709
           -0.350000  0.000000 -0.000000
   -5.202    4.039    4.957    4.957    7.866   10.435   10.702   10.702   12.931   14.549
   16.142   18.395   18.395   18.990
           -0.400000 -0.000000  0.000000
   -5.040    3.599    4.737    4.737    7.685   10.112   11.116   11.116   13.310   14.730
   16.629   18.660   18.660   19.288
           -0.450000  0.000000 -0.000000
   -4.857    3.153    4.529    4.529    7.514    9.740   11.543   11.543   13.772   14.935
   17.138   18.946   18.946   19.608
           -0.500000  0.000000  0.000000
   -4.654    2.705    4.336    4.336    7.355    9.360   11.979   11.979   14.276   15.165
   17.661   19.237   19.237   19.956
           -0.550000 -0.000000  0.000000
   -4.430    2.255    4.157    4.157    7.212    8.990   12.423   12.423   14.801   15.418
   18.185   19.505   19.505   20.334
           -0.600000 -0.000000  0.000000
   -4.187    1.806    3.996    3.996    7.087    8.642   12.874   12.874   15.337   15.695
   18.696   19.695   19.695   20.745
           -0.650000  0.000000 -0.000000
   -3.924    1.359    3.852    3.852    6.983    8.321   13.331   13.331   15.874   15.996
   19.170   19.729   19.729   21.191
           -0.700000  0.000000 -0.000000
   -3.642    0.916    3.726    3.726    6.900    8.029   13.793   13.793   16.320   16.408
   19.561   19.561   19.576   21.674
           -0.750000  0.000000  0.000000
   -3.342    0.477    3.619    3.619    6.841    7.768   14.260   14.260   16.668   16.933
   19.231   19.231   19.875   21.405
           -0.800000 -0.000000  0.000000
   -3.025    0.045    3.531    3.531    6.807    7.539   14.731   14.731   17.040   17.446
   18.808   18.808   20.031   20.833
           -0.850000 -0.000000  0.000000
   -2.690   -0.380    3.462    3.462    6.798    7.342   15.202   15.202   17.435   17.942
   18.345   18.345   20.026   20.281
           -0.900000  0.000000 -0.000000
   -2.339   -0.796    3.413    3.413    6.816    7.176   15.665   15.665   17.852   17.875
   17.875   18.416   19.751   19.875
           -0.950000  0.000000 -0.000000
   -1.974   -1.200    3.383    3.383    6.862    7.041   16.089   16.089   17.443   17.443
   18.293   18.859   19.243   19.610
           -1.000000  0.000000  0.000000
   -1.594   -1.594    3.373    3.373    6.937    6.937   16.314   16.314   17.213   17.213
   18.757   18.757   19.263   19.263
           -1.000000 -1.000000  0.000000
   -1.594   -1.594    3.373    3.373    6.937    6.937   16.314   16.314   17.213   17.213
   18.757   18.757   19.263   19.263
           -0.987500 -0.987500  0.000000
   -1.594   -1.592    3.364    3.374    6.938    6.951   16.299   16.306   17.191   17.196
   18.773   18.774   19.271   19.287
           -0.975000 -0.975000  0.000000
   -1.596   -1.588    3.336    3.378    6.942    6.993   16.253   16.282   17.128   17.145
   18.822   18.824   19.294   19.358
           -0.962500 -0.962500  0.000000
   -1.599   -1.580    3.291    3.383    6.948    7.060   16.181   16.242   17.031   17.067
   18.898   18.901   19.333   19.466
           -0.950000 -0.950000  0.000000
   -1.603   -1.570    3.231    3.391    6.957    7.152   16.087   16.188   16.907   16.967
   18.998   18.999   19.385   19.605
           -0.937500 -0.937500  0.000000
   -1.608   -1.557    3.159    3.401    6.969    7.265   15.975   16.122   16.766   16.853
   19.110   19.120   19.449   19.767
           -0.925000 -0.925000  0.000000
   -1.615   -1.540    3.077    3.413    6.983    7.398   15.849   16.044   16.612   16.727
   19.232   19.256   19.523   19.945
           -0.912500 -0.912500  0.000000
   -1.624   -1.521    2.987    3.427    6.999    7.548   15.713   15.957   16.449   16.594
   19.360   19.404   19.606   20.136
           -0.900000 -0.900000  0.000000
   -1.635   -1.499    2.893    3.443    7.018    7.712   15.570   15.862   16.281   16.456
   19.493   19.561   19.697   20.337
           -0.887500 -0.887500  0.000000
   -1.648   -1.474    2.795    3.462    7.039    7.889   15.420   15.760   16.110   16.315
   19.629   19.725   19.794   20.545
           -0.875000 -0.875000  0.000000
   -1.663   -1.446    2.697    3.482    7.063    8.077   15.267   15.653   15.936   16.171
   19.767   19.895   19.896   20.759
           -0.862500 -0.862500 -0.000000
   -1.681   -1.415    2.599    3.505    7.089    8.275   15.110   15.541   15.762   16.026
   19.905   20.001   20.068   20.976
           -0.850000 -0.850000 -0.000000
   -1.702   -1.381    2.503    3.530    7.118    8.482   14.952   15.425   15.587   15.881
   20.043   20.109   20.245   21.196
           -0.837500 -0.837500 -0.000000
   -1.726   -1.344    2.411    3.557    7.149    8.697   14.793   15.307   15.413   15.735
   20.181   20.219   20.424   21.416
           -0.825000 -0.825000 -0.000000
   -1.754   -1.304    2.323    3.586    7.182    8.918   14.633   15.187   15.240   15.590
   20.317   20.331   20.604   21.634
           -0.812500 -0.812500 -0.000000
   -1.785   -1.261    2.239    3.617    7.218    9.146   14.474   15.065   15.068   15.446
   20.442   20.453   20.785   21.846
           -0.800000 -0.800000 -0.000000
   -1.821   -1.216    2.162    3.649    7.256    9.379   14.314   14.898   14.941   15.303
   20.553   20.587   20.966   22.040
           -0.787500 -0.787500 -0.000000
   -1.861   -1.167    2.092    3.684    7.296    9.617   14.156   14.730   14.817   15.162
   20.662   20.720   21.147   22.194
           -0.775000 -0.775000 -0.000000
   -1.905   -1.115    2.029    3.721    7.339    9.860   13.998   14.564   14.693   15.022
   20.767   20.852   21.328   22.197
           -0.762500 -0.762500 -0.000000
   -1.954   -1.061    1.973    3.760    7.384   10.106   13.842   14.400   14.569   14.884
   20.866   20.981   21.507   22.045
           -0.750000 -0.750000  0.000000
   -2.007   -1.004    1.925    3.800    7.431   10.356   13.686   14.239   14.445   14.748
   20.952   21.109   21.686   21.906
           -0.712500 -0.712500  0.000000
   -2.195   -0.814    1.831    3.932    7.583   11.120   13.230   13.777   14.078   14.354
   21.009   21.483   21.700   21.719
           -0.675000 -0.675000  0.000000
   -2.419   -0.599    1.809    4.079    7.753   11.876   12.791   13.371   13.723   13.984
   20.689   21.280   21.842   21.873
           -0.637500 -0.637500  0.000000
   -2.672   -0.358    1.856    4.239    7.938   12.370   12.419   13.220   13.384   13.643
   20.277   20.858   22.058   22.188
           -0.600000 -0.600000 -0.000000
   -2.944   -0.091    1.962    4.410    8.133   11.970   12.282   13.066   13.333   13.782
   19.866   20.465   21.721   22.518
           -0.562500 -0.562500 -0.000000
   -3.225    0.201    2.118    4.589    8.336   11.591   11.941   12.775   13.057   14.568
   19.472   20.116   20.893   22.826
           -0.525000 -0.525000 -0.000000
   -3.507    0.518    2.319    4.773    8.540   11.234   11.589   12.515   12.820   15.360
   19.096   19.831   19.998   23.098
           -0.487500 -0.487500  0.000000
   -3.784    0.859    2.557    4.960    8.737   10.901   11.251   12.294   12.625   16.083
   18.715   19.135   19.655   22.653
           -0.450000 -0.450000  0.000000
   -4.052    1.224    2.826    5.144    8.918   10.590   10.932   12.117   12.476   16.638
   18.108   18.544   19.666   21.944
           -0.412500 -0.412500 -0.000000
   -4.306    1.613    3.122    5.323    9.070   10.304   10.634   11.991   12.376   16.916
   17.284   18.226   19.912   21.325
           -0.375000 -0.375000  0.000000
   -4.544    2.024    3.440    5.491    9.184   10.042   10.357   11.918   12.329   16.467
   16.918   17.971   20.052   21.148
           -0.337500 -0.337500  0.000000
   -4.763    2.456    3.775    5.645    9.253    9.804   10.101   11.887   12.339   15.694
   16.739   17.757   19.661   21.750
           -0.300000 -0.300000 -0.000000
   -4.963    2.909    4.123    5.782    9.278    9.590    9.866   11.870   12.405   14.995
   16.457   17.582   19.169   21.641
           -0.262500 -0.262500 -0.000000
   -5.141    3.379    4.479    5.899    9.267    9.402    9.652   11.809   12.527   14.416
   16.112   17.450   18.726   20.937
           -0.225000 -0.225000  0.000000
   -5.297    3.864    4.833    5.996    9.232    9.238    9.457   11.626   12.702   14.021
   15.732   17.361   18.359   20.236
           -0.187500 -0.187500  0.000000
   -5.430    4.358    5.179    6.074    9.099    9.181    9.281   11.281   12.922   13.835
   15.344   17.318   18.068   19.560
           -0.150000 -0.150000 -0.000000
   -5.539    4.854    5.503    6.133    8.986    9.120    9.125   10.823   13.176   13.803
   14.975   17.318   17.845   18.930
           -0.112500 -0.112500  0.000000
   -5.625    5.335    5.791    6.176    8.897    8.989    9.049   10.340   13.445   13.843
   14.653   17.355   17.681   18.369
           -0.075000 -0.075000 -0.000000
   -5.686    5.770    6.022    6.205    8.834    8.881    8.956    9.922   13.696   13.898
   14.403   17.411   17.569   17.909
           -0.037500 -0.037500 -0.000000
   -5.723    6.099    6.174    6.222    8.796    8.809    8.844    9.652   13.884   13.941
   14.243   17.461   17.504   17.595
            0.000000  0.000000  0.000000
   -5.735    6.227    6.227    6.227    8.784    8.784    8.784    9.566   13.956   13.956
   14.189   17.482   17.482   17.482
