 &plot nbnd=  14, nks=   181 /
            0.000000  0.000000  0.000000
  -36.317  -11.628  -11.628  -11.628   12.113   18.393   18.393   18.393   21.305   21.305
   32.331   32.331   32.331   43.103
            0.050000 -0.000000  0.000000
  -36.314  -11.641  -11.634  -11.634   12.166   18.387   18.387   18.416   21.224   21.332
   32.408   32.421   32.421   42.371
            0.100000 -0.000000  0.000000
  -36.305  -11.679  -11.650  -11.650   12.320   18.371   18.371   18.486   20.991   21.411
   32.629   32.688   32.688   40.953
            0.150000 -0.000000  0.000000
  -36.290  -11.738  -11.677  -11.677   12.571   18.352   18.352   18.602   20.632   21.539
   32.964   33.119   33.119   39.409
            0.200000 -0.000000  0.000000
  -36.271  -11.815  -11.714  -11.714   12.907   18.339   18.339   18.763   20.179   21.707
   33.380   33.696   33.696   37.893
            0.250000  0.000000  0.000000
  -36.247  -11.906  -11.761  -11.761   13.315   18.346   18.346   18.967   19.665   21.904
   33.843   34.394   34.394   36.480
            0.300000 -0.000000  0.000000
  -36.219  -12.003  -11.815  -11.815   13.774   18.381   18.381   19.115   19.213   22.113
   34.325   35.169   35.169   35.224
            0.350000 -0.000000  0.000000
  -36.188  -12.102  -11.876  -11.876   14.260   18.456   18.456   18.553   19.498   22.316
   34.179   34.809   35.945   35.945
            0.400000 -0.000000  0.000000
  -36.156  -12.199  -11.943  -11.943   14.743   17.995   18.580   18.580   19.820   22.493
   33.394   35.283   36.566   36.566
            0.450000 -0.000000  0.000000
  -36.122  -12.287  -12.014  -12.014   15.182   17.455   18.757   18.757   20.173   22.642
   32.908   35.741   36.752   36.752
            0.500000  0.000000  0.000000
  -36.089  -12.365  -12.087  -12.087   15.534   16.941   18.995   18.995   20.552   22.783
   32.741   36.178   36.329   36.329
            0.550000  0.000000  0.000000
  -36.056  -12.430  -12.161  -12.161   15.753   16.461   19.295   19.295   20.953   22.963
   32.876   35.477   35.477   36.592
            0.600000 -0.000000  0.000000
  -36.025  -12.481  -12.233  -12.233   15.813   16.021   19.659   19.659   21.366   23.237
   33.272   34.426   34.426   36.982
            0.650000  0.000000  0.000000
  -35.996  -12.519  -12.301  -12.301   15.626   15.718   20.086   20.086   21.783   23.638
   33.302   33.302   33.871   37.342
            0.700000 -0.000000  0.000000
  -35.970  -12.544  -12.365  -12.365   15.277   15.506   20.575   20.575   22.192   24.159
   32.162   32.162   34.606   37.671
            0.750000 -0.000000  0.000000
  -35.947  -12.558  -12.422  -12.422   14.979   15.229   21.119   21.119   22.579   24.769
   31.042   31.042   35.409   37.962
            0.800000 -0.000000  0.000000
  -35.929  -12.565  -12.471  -12.471   14.732   14.939   21.711   21.711   22.930   25.422
   29.965   29.965   36.197   38.210
            0.850000  0.000000  0.000000
  -35.914  -12.566  -12.510  -12.510   14.539   14.675   22.330   22.330   23.228   26.060
   28.962   28.962   36.837   38.410
            0.900000 -0.000000  0.000000
  -35.903  -12.565  -12.539  -12.539   14.401   14.467   22.937   22.937   23.456   26.614
   28.077   28.077   37.049   38.507
            0.950000  0.000000  0.000000
  -35.896  -12.563  -12.556  -12.556   14.317   14.335   23.437   23.437   23.599   27.001
   27.409   27.409   36.823   38.592
            1.000000  0.000000  0.000000
  -35.894  -12.562  -12.562  -12.562   14.289   14.289   23.648   23.648   23.648   27.142
   27.142   27.142   36.687   38.678
            0.975000  0.025000  0.025000
  -35.896  -12.564  -12.564  -12.551   14.317   14.317   23.391   23.597   23.597   27.207
   27.207   27.310   36.798   38.631
            0.950000  0.050000  0.050000
  -35.901  -12.567  -12.567  -12.519   14.399   14.399   22.756   23.456   23.456   27.388
   27.388   27.682   37.125   38.494
            0.925000  0.075000  0.075000
  -35.908  -12.573  -12.573  -12.468   14.533   14.533   21.943   23.252   23.252   27.654
   27.654   28.067   37.646   38.284
            0.900000  0.100000  0.100000
  -35.919  -12.581  -12.581  -12.400   14.716   14.716   21.068   23.017   23.017   27.967
   27.967   28.370   38.023   38.023
            0.875000  0.125000  0.125000
  -35.931  -12.589  -12.589  -12.318   14.943   14.943   20.193   22.771   22.771   28.295
   28.295   28.570   37.741   37.741
            0.850000  0.150000  0.150000
  -35.945  -12.597  -12.597  -12.228   15.207   15.207   19.355   22.532   22.532   28.609
   28.609   28.675   37.472   37.472
            0.825000  0.175000  0.175000
  -35.960  -12.605  -12.605  -12.134   15.500   15.500   18.578   22.312   22.312   28.708
   28.880   28.880   37.252   37.252
            0.800000  0.200000  0.200000
  -35.975  -12.611  -12.611  -12.043   15.810   15.810   17.877   22.118   22.118   28.690
   29.087   29.087   37.116   37.116
            0.775000  0.225000  0.225000
  -35.989  -12.614  -12.614  -11.959   16.126   16.126   17.268   21.960   21.960   28.637
   29.216   29.216   37.091   37.091
            0.750000  0.250000  0.250000
  -36.003  -12.613  -12.613  -11.888   16.430   16.430   16.759   21.842   21.842   28.564
   29.264   29.264   37.191   37.191
            0.725000  0.275000  0.275000
  -36.015  -12.609  -12.609  -11.835   16.357   16.708   16.708   21.771   21.771   28.477
   29.247   29.247   37.316   37.418
            0.700000  0.300000  0.300000
  -36.026  -12.599  -12.599  -11.805   16.066   16.942   16.942   21.748   21.748   28.382
   29.191   29.191   36.342   37.757
            0.675000  0.325000  0.325000
  -36.034  -12.584  -12.584  -11.798   15.887   17.120   17.120   21.769   21.769   28.280
   29.128   29.128   35.358   38.189
            0.650000  0.350000  0.350000
  -36.041  -12.563  -12.563  -11.818   15.817   17.235   17.235   21.826   21.826   28.173
   29.088   29.088   34.400   38.696
            0.625000  0.375000  0.375000
  -36.045  -12.536  -12.536  -11.861   15.849   17.287   17.287   21.903   21.903   28.058
   29.095   29.095   33.490   39.259
            0.600000  0.400000  0.400000
  -36.048  -12.503  -12.503  -11.927   15.972   17.284   17.284   21.985   21.985   27.935
   29.164   29.164   32.644   39.864
            0.575000  0.425000  0.425000
  -36.049  -12.465  -12.465  -12.012   16.167   17.235   17.235   22.058   22.058   27.807
   29.297   29.297   31.873   40.496
            0.550000  0.450000  0.450000
  -36.049  -12.422  -12.422  -12.109   16.413   17.153   17.153   22.112   22.112   27.683
   29.488   29.488   31.180   41.135
            0.525000  0.475000  0.475000
  -36.049  -12.374  -12.374  -12.215   16.680   17.048   17.048   22.145   22.145   27.583
   29.723   29.723   30.558   41.747
            0.500000  0.500000  0.500000
  -36.048  -12.323  -12.323  -12.323   16.933   16.933   16.933   22.155   22.155   27.542
   29.988   29.988   29.988   42.286
            0.500000  0.500000  0.475000
  -36.048  -12.376  -12.321  -12.269   16.823   16.912   17.056   22.149   22.155   27.558
   29.702   30.022   30.251   41.791
            0.500000  0.500000  0.450000
  -36.049  -12.428  -12.316  -12.216   16.725   16.850   17.192   22.131   22.152   27.605
   29.398   30.121   30.485   41.318
            0.500000  0.500000  0.425000
  -36.049  -12.480  -12.308  -12.164   16.639   16.751   17.339   22.102   22.148   27.683
   29.079   30.283   30.684   40.896
            0.500000  0.500000  0.400000
  -36.050  -12.531  -12.298  -12.113   16.565   16.618   17.498   22.062   22.142   27.788
   28.750   30.502   30.842   40.541
            0.500000  0.500000  0.375000
  -36.051  -12.581  -12.285  -12.063   16.458   16.502   17.669   22.014   22.135   27.917
   28.413   30.772   30.954   40.263
            0.500000  0.500000  0.350000
  -36.052  -12.629  -12.269  -12.014   16.277   16.451   17.851   21.959   22.127   28.068
   28.070   31.017   31.084   40.069
            0.500000  0.500000  0.325000
  -36.054  -12.675  -12.252  -11.967   16.081   16.409   18.042   21.899   22.118   27.725
   28.236   31.029   31.429   39.961
            0.500000  0.500000  0.300000
  -36.055  -12.719  -12.233  -11.923   15.877   16.378   18.243   21.836   22.108   27.380
   28.418   30.992   31.798   39.938
            0.500000  0.500000  0.275000
  -36.057  -12.760  -12.213  -11.881   15.670   16.355   18.452   21.772   22.098   27.036
   28.610   30.914   32.181   39.995
            0.500000  0.500000  0.250000
  -36.058  -12.799  -12.192  -11.841   15.466   16.340   18.667   21.708   22.088   26.695
   28.807   30.801   32.566   40.126
            0.500000  0.500000  0.225000
  -36.060  -12.834  -12.171  -11.805   15.269   16.331   18.886   21.646   22.077   26.362
   29.007   30.665   32.944   40.261
            0.500000  0.500000  0.200000
  -36.061  -12.867  -12.151  -11.772   15.082   16.328   19.107   21.588   22.067   26.037
   29.204   30.514   33.304   40.028
            0.500000  0.500000  0.175000
  -36.063  -12.896  -12.132  -11.742   14.911   16.329   19.327   21.533   22.058   25.725
   29.394   30.359   33.636   39.820
            0.500000  0.500000  0.150000
  -36.064  -12.921  -12.114  -11.716   14.756   16.333   19.542   21.485   22.049   25.430
   29.573   30.208   33.933   39.639
            0.500000  0.500000  0.125000
  -36.065  -12.943  -12.098  -11.693   14.621   16.339   19.746   21.442   22.041   25.158
   29.735   30.068   34.188   39.485
            0.500000  0.500000  0.100000
  -36.066  -12.961  -12.084  -11.675   14.508   16.346   19.933   21.406   22.034   24.915
   29.876   29.946   34.396   39.358
            0.500000  0.500000  0.075000
  -36.067  -12.975  -12.073  -11.660   14.419   16.352   20.094   21.378   22.029   24.711
   29.846   29.992   34.557   39.260
            0.500000  0.500000  0.050000
  -36.067  -12.986  -12.065  -11.650   14.354   16.357   20.219   21.358   22.025   24.554
   29.772   30.078   34.670   39.189
            0.500000  0.500000  0.025000
  -36.068  -12.992  -12.060  -11.643   14.315   16.361   20.299   21.345   22.022   24.455
   29.726   30.131   34.737   39.146
            0.500000  0.500000  0.000000
  -36.068  -12.994  -12.059  -11.641   14.302   16.362   20.327   21.341   22.022   24.421
   29.711   30.149   34.760   39.132
            0.475000  0.475000  0.000000
  -36.069  -12.986  -12.056  -11.641   14.310   16.372   20.247   21.353   22.011   24.354
   29.750   30.216   34.858   39.194
            0.450000  0.450000  0.000000
  -36.074  -12.963  -12.049  -11.641   14.333   16.402   20.031   21.371   21.980   24.159
   29.866   30.412   35.143   39.378
            0.425000  0.425000  0.000000
  -36.082  -12.924  -12.036  -11.641   14.369   16.451   19.728   21.368   21.931   23.857
   30.054   30.721   35.595   39.680
            0.400000  0.400000  0.000000
  -36.092  -12.872  -12.019  -11.640   14.410   16.518   19.376   21.334   21.869   23.477
   30.308   31.123   36.185   40.091
            0.375000  0.375000  0.000000
  -36.105  -12.806  -11.998  -11.639   14.446   16.604   19.010   21.270   21.799   23.043
   30.617   31.595   36.887   40.039
            0.350000  0.350000 -0.000000
  -36.120  -12.729  -11.973  -11.638   14.465   16.707   18.660   21.183   21.724   22.578
   30.969   32.111   37.674   39.264
            0.325000  0.325000  0.000000
  -36.137  -12.641  -11.945  -11.638   14.448   16.825   18.357   21.082   21.650   22.101
   31.351   32.648   38.486   38.527
            0.300000  0.300000 -0.000000
  -36.155  -12.545  -11.914  -11.637   14.378   16.957   18.126   20.977   21.579   21.626
   31.744   33.174   37.719   39.427
            0.275000  0.275000 -0.000000
  -36.174  -12.443  -11.881  -11.636   14.244   17.100   17.983   20.877   21.163   21.515
   32.123   33.653   36.975   39.439
            0.250000  0.250000  0.000000
  -36.194  -12.337  -11.848  -11.635   14.048   17.252   17.928   20.720   20.791   21.460
   32.459   34.039   36.262   39.065
            0.225000  0.225000 -0.000000
  -36.213  -12.230  -11.814  -11.634   13.803   17.410   17.947   20.305   20.729   21.413
   32.717   34.281   35.588   38.869
            0.200000  0.200000 -0.000000
  -36.232  -12.124  -11.781  -11.633   13.530   17.570   18.013   19.922   20.699   21.376
   32.872   34.336   34.960   38.875
            0.175000  0.175000 -0.000000
  -36.250  -12.023  -11.749  -11.632   13.249   17.729   18.101   19.576   20.709   21.349
   32.917   34.203   34.384   39.088
            0.150000  0.150000 -0.000000
  -36.266  -11.928  -11.720  -11.631   12.979   17.881   18.190   19.270   20.761   21.329
   32.871   33.867   33.926   39.488
            0.125000  0.125000  0.000000
  -36.281  -11.842  -11.694  -11.630   12.732   18.022   18.265   19.006   20.852   21.317
   32.768   33.415   33.568   40.038
            0.100000  0.100000 -0.000000
  -36.293  -11.768  -11.671  -11.629   12.518   18.147   18.320   18.788   20.969   21.309
   32.641   33.035   33.192   40.697
            0.075000  0.075000 -0.000000
  -36.303  -11.709  -11.653  -11.629   12.345   18.250   18.357   18.616   21.093   21.306
   32.518   32.732   32.846   41.423
            0.050000  0.050000 -0.000000
  -36.311  -11.664  -11.639  -11.629   12.217   18.328   18.379   18.492   21.203   21.305
   32.418   32.511   32.570   42.164
            0.025000  0.025000 -0.000000
  -36.315  -11.637  -11.631  -11.628   12.139   18.376   18.389   18.418   21.278   21.305
   32.354   32.377   32.393   42.811
            0.000000  0.000000  0.000000
  -36.317  -11.628  -11.628  -11.628   12.113   18.393   18.393   18.393   21.305   21.305
   32.331   32.331   32.331   43.103
           -0.000000  0.000000  0.050000
  -36.314  -11.641  -11.634  -11.634   12.166   18.387   18.387   18.416   21.224   21.332
   32.408   32.421   32.421   42.371
           -0.000000  0.000000  0.100000
  -36.305  -11.679  -11.650  -11.650   12.320   18.371   18.371   18.486   20.991   21.411
   32.629   32.688   32.688   40.953
           -0.000000  0.000000  0.150000
  -36.290  -11.738  -11.677  -11.677   12.571   18.352   18.352   18.602   20.632   21.539
   32.964   33.119   33.119   39.409
           -0.000000  0.000000  0.200000
  -36.271  -11.815  -11.714  -11.714   12.907   18.339   18.339   18.763   20.179   21.707
   33.380   33.696   33.696   37.893
           -0.000000  0.000000  0.250000
  -36.247  -11.906  -11.761  -11.761   13.315   18.346   18.346   18.967   19.665   21.904
   33.843   34.394   34.394   36.480
           -0.000000  0.000000  0.300000
  -36.219  -12.003  -11.815  -11.815   13.774   18.381   18.381   19.115   19.213   22.113
   34.325   35.169   35.169   35.224
           -0.000000  0.000000  0.350000
  -36.188  -12.102  -11.876  -11.876   14.260   18.456   18.456   18.553   19.498   22.316
   34.179   34.809   35.945   35.945
           -0.000000  0.000000  0.400000
  -36.156  -12.199  -11.943  -11.943   14.743   17.995   18.580   18.580   19.820   22.493
   33.394   35.283   36.566   36.566
           -0.000000  0.000000  0.450000
  -36.122  -12.287  -12.014  -12.014   15.182   17.455   18.757   18.757   20.173   22.642
   32.908   35.741   36.752   36.752
           -0.000000  0.000000  0.500000
  -36.089  -12.365  -12.087  -12.087   15.534   16.941   18.995   18.995   20.552   22.783
   32.741   36.178   36.329   36.329
           -0.000000 -0.000000  0.550000
  -36.056  -12.430  -12.161  -12.161   15.753   16.461   19.295   19.295   20.953   22.963
   32.876   35.477   35.477   36.592
           -0.000000  0.000000  0.600000
  -36.025  -12.481  -12.233  -12.233   15.813   16.021   19.659   19.659   21.366   23.237
   33.272   34.426   34.426   36.982
           -0.000000 -0.000000  0.650000
  -35.996  -12.519  -12.301  -12.301   15.626   15.718   20.086   20.086   21.783   23.638
   33.302   33.302   33.871   37.342
           -0.000000  0.000000  0.700000
  -35.970  -12.544  -12.365  -12.365   15.277   15.506   20.575   20.575   22.192   24.159
   32.162   32.162   34.606   37.671
            0.000000  0.000000  0.750000
  -35.947  -12.558  -12.422  -12.422   14.979   15.229   21.119   21.119   22.579   24.769
   31.042   31.042   35.409   37.962
           -0.000000  0.000000  0.800000
  -35.929  -12.565  -12.471  -12.471   14.732   14.939   21.711   21.711   22.930   25.422
   29.965   29.965   36.197   38.210
           -0.000000 -0.000000  0.850000
  -35.914  -12.566  -12.510  -12.510   14.539   14.675   22.330   22.330   23.228   26.060
   28.962   28.962   36.837   38.410
           -0.000000  0.000000  0.900000
  -35.903  -12.565  -12.539  -12.539   14.401   14.467   22.937   22.937   23.456   26.614
   28.077   28.077   37.049   38.507
           -0.000000 -0.000000  0.950000
  -35.896  -12.563  -12.556  -12.556   14.317   14.335   23.437   23.437   23.599   27.001
   27.409   27.409   36.823   38.592
           -0.000000  0.000000  1.000000
  -35.894  -12.562  -12.562  -12.562   14.289   14.289   23.648   23.648   23.648   27.142
   27.142   27.142   36.687   38.678
            0.025000  0.000000  0.975000
  -35.895  -12.565  -12.559  -12.557   14.306   14.310   23.511   23.538   23.653   27.137
   27.213   27.278   36.760   38.638
            0.050000  0.000000  0.950000
  -35.899  -12.573  -12.550  -12.541   14.353   14.372   23.152   23.237   23.666   27.122
   27.401   27.633   36.968   38.525
            0.075000  0.000000  0.925000
  -35.904  -12.587  -12.536  -12.515   14.431   14.474   22.665   22.809   23.687   27.095
   27.649   28.115   37.263   38.350
            0.100000  0.000000  0.900000
  -35.911  -12.605  -12.516  -12.479   14.536   14.616   22.117   22.313   23.717   27.051
   27.913   28.657   37.487   38.135
            0.125000  0.000000  0.875000
  -35.920  -12.628  -12.491  -12.434   14.663   14.796   21.544   21.791   23.754   26.983
   28.171   29.220   37.429   37.902
            0.150000 -0.000000  0.850000
  -35.930  -12.654  -12.462  -12.382   14.805   15.015   20.969   21.275   23.798   26.887
   28.412   29.783   37.146   37.675
            0.175000  0.000000  0.825000
  -35.942  -12.684  -12.429  -12.322   14.952   15.270   20.404   20.792   23.847   26.753
   28.634   30.336   36.740   37.475
            0.200000 -0.000000  0.800000
  -35.955  -12.715  -12.394  -12.257   15.090   15.560   19.860   20.365   23.902   26.576
   28.836   30.871   36.246   37.320
            0.225000 -0.000000  0.775000
  -35.968  -12.749  -12.356  -12.188   15.201   15.883   19.341   20.021   23.959   26.350
   29.022   31.384   35.682   37.224
            0.250000  0.000000  0.750000
  -35.982  -12.782  -12.317  -12.116   15.266   16.236   18.854   19.784   24.019   26.073
   29.192   31.873   35.061   37.198
            0.275000 -0.000000  0.725000
  -35.995  -12.816  -12.277  -12.044   15.269   16.619   18.402   19.672   24.080   25.745
   29.348   32.336   34.398   37.245
            0.300000 -0.000000  0.700000
  -36.008  -12.849  -12.238  -11.973   15.206   17.028   17.989   19.687   24.140   25.370
   29.491   32.772   33.707   37.364
            0.325000 -0.000000  0.675000
  -36.021  -12.879  -12.201  -11.905   15.088   17.460   17.618   19.816   24.198   24.952
   29.621   33.008   33.179   37.548
            0.350000 -0.000000  0.650000
  -36.033  -12.908  -12.167  -11.841   14.937   17.292   17.912   20.033   24.252   24.500
   29.735   32.319   33.553   37.788
            0.375000  0.000000  0.625000
  -36.043  -12.933  -12.136  -11.784   14.775   17.011   18.380   20.306   24.023   24.300
   29.833   31.663   33.890   38.067
            0.400000 -0.000000  0.600000
  -36.052  -12.954  -12.109  -11.735   14.620   16.780   18.858   20.601   23.532   24.342
   29.911   31.066   34.184   38.365
            0.425000 -0.000000  0.575000
  -36.059  -12.971  -12.087  -11.695   14.487   16.598   19.334   20.885   23.040   24.376
   29.960   30.566   34.426   38.654
            0.450000 -0.000000  0.550000
  -36.064  -12.984  -12.072  -11.665   14.386   16.467   19.788   21.124   22.573   24.401
   29.931   30.239   34.608   38.902
            0.475000 -0.000000  0.525000
  -36.067  -12.991  -12.062  -11.647   14.323   16.388   20.163   21.284   22.188   24.416
   29.784   30.156   34.721   39.072
            0.500000 -0.000000  0.500000
  -36.068  -12.994  -12.059  -11.641   14.302   16.362   20.327   21.341   22.022   24.421
   29.711   30.149   34.760   39.132
            0.475000 -0.000000  0.475000
  -36.069  -12.986  -12.056  -11.641   14.310   16.372   20.247   21.353   22.011   24.354
   29.750   30.216   34.858   39.194
            0.450000 -0.000000  0.450000
  -36.074  -12.963  -12.049  -11.641   14.333   16.402   20.031   21.371   21.980   24.159
   29.866   30.412   35.143   39.378
            0.425000 -0.000000  0.425000
  -36.082  -12.924  -12.036  -11.641   14.369   16.451   19.728   21.368   21.931   23.857
   30.054   30.721   35.595   39.680
            0.400000 -0.000000  0.400000
  -36.092  -12.872  -12.019  -11.640   14.410   16.518   19.376   21.334   21.869   23.477
   30.308   31.123   36.185   40.091
            0.375000 -0.000000  0.375000
  -36.105  -12.806  -11.998  -11.639   14.446   16.604   19.010   21.270   21.799   23.043
   30.617   31.595   36.887   40.039
            0.350000 -0.000000  0.350000
  -36.120  -12.729  -11.973  -11.638   14.465   16.707   18.660   21.183   21.724   22.578
   30.969   32.111   37.674   39.264
            0.325000 -0.000000  0.325000
  -36.137  -12.641  -11.945  -11.638   14.448   16.825   18.357   21.082   21.650   22.101
   31.351   32.648   38.486   38.527
            0.300000 -0.000000  0.300000
  -36.155  -12.545  -11.914  -11.637   14.378   16.957   18.126   20.977   21.579   21.626
   31.744   33.174   37.719   39.427
            0.275000 -0.000000  0.275000
  -36.174  -12.443  -11.881  -11.636   14.244   17.100   17.983   20.877   21.163   21.515
   32.123   33.653   36.975   39.439
            0.250000 -0.000000  0.250000
  -36.194  -12.337  -11.848  -11.635   14.048   17.252   17.928   20.720   20.791   21.460
   32.459   34.039   36.262   39.065
            0.225000 -0.000000  0.225000
  -36.213  -12.230  -11.814  -11.634   13.803   17.410   17.947   20.305   20.729   21.413
   32.717   34.281   35.588   38.869
            0.200000 -0.000000  0.200000
  -36.232  -12.124  -11.781  -11.633   13.530   17.570   18.013   19.922   20.699   21.376
   32.872   34.336   34.960   38.875
            0.175000 -0.000000  0.175000
  -36.250  -12.023  -11.749  -11.632   13.249   17.729   18.101   19.576   20.709   21.349
   32.917   34.203   34.384   39.088
            0.150000 -0.000000  0.150000
  -36.266  -11.928  -11.720  -11.631   12.979   17.881   18.190   19.270   20.761   21.329
   32.871   33.867   33.926   39.488
            0.125000 -0.000000  0.125000
  -36.281  -11.842  -11.694  -11.630   12.732   18.022   18.265   19.006   20.852   21.317
   32.768   33.415   33.568   40.038
            0.100000 -0.000000  0.100000
  -36.293  -11.768  -11.671  -11.629   12.518   18.147   18.320   18.788   20.969   21.309
   32.641   33.035   33.192   40.697
            0.075000 -0.000000  0.075000
  -36.303  -11.709  -11.653  -11.629   12.345   18.250   18.357   18.616   21.093   21.306
   32.518   32.732   32.846   41.423
            0.050000 -0.000000  0.050000
  -36.311  -11.664  -11.639  -11.629   12.217   18.328   18.379   18.492   21.203   21.305
   32.418   32.511   32.570   42.164
            0.025000 -0.000000  0.025000
  -36.315  -11.637  -11.631  -11.628   12.139   18.376   18.389   18.418   21.278   21.305
   32.354   32.377   32.393   42.811
            0.000000  0.000000  0.000000
  -36.317  -11.628  -11.628  -11.628   12.113   18.393   18.393   18.393   21.305   21.305
   32.331   32.331   32.331   43.103
            0.025000  0.025000  0.025000
  -36.314  -11.643  -11.630  -11.630   12.152   18.375   18.375   18.437   21.285   21.285
   32.357   32.415   32.415   42.831
            0.050000  0.050000  0.050000
  -36.308  -11.687  -11.634  -11.634   12.268   18.319   18.319   18.569   21.232   21.232
   32.432   32.653   32.653   42.242
            0.075000  0.075000  0.075000
  -36.297  -11.757  -11.642  -11.642   12.456   18.224   18.224   18.790   21.165   21.165
   32.558   33.009   33.009   41.609
            0.100000  0.100000  0.100000
  -36.282  -11.849  -11.653  -11.653   12.709   18.090   18.090   19.100   21.104   21.104
   32.735   33.423   33.423   41.072
            0.125000  0.125000  0.125000
  -36.265  -11.958  -11.667  -11.667   13.018   17.918   17.918   19.498   21.067   21.067
   32.962   33.811   33.811   40.732
            0.150000  0.150000  0.150000
  -36.244  -12.077  -11.685  -11.685   13.372   17.719   17.719   19.984   21.063   21.063
   33.239   34.073   34.073   40.682
            0.175000  0.175000  0.175000
  -36.222  -12.199  -11.707  -11.707   13.762   17.506   17.506   20.553   21.095   21.095
   33.566   34.137   34.137   39.743
            0.200000  0.200000  0.200000
  -36.199  -12.319  -11.734  -11.734   14.178   17.292   17.292   21.159   21.159   21.200
   33.943   34.001   34.001   38.355
            0.225000  0.225000  0.225000
  -36.176  -12.431  -11.765  -11.765   14.609   17.089   17.089   21.247   21.247   21.915
   33.720   33.720   34.371   36.953
            0.250000  0.250000  0.250000
  -36.153  -12.529  -11.801  -11.801   15.048   16.909   16.909   21.353   21.353   22.686
   33.358   33.358   34.848   35.565
            0.275000  0.275000  0.275000
  -36.132  -12.609  -11.841  -11.841   15.484   16.759   16.759   21.469   21.469   23.498
   32.965   32.965   34.217   35.374
            0.300000  0.300000  0.300000
  -36.112  -12.668  -11.886  -11.886   15.907   16.644   16.644   21.590   21.590   24.332
   32.569   32.569   32.935   35.950
            0.325000  0.325000  0.325000
  -36.095  -12.703  -11.934  -11.934   16.304   16.567   16.567   21.707   21.707   25.165
   31.742   32.186   32.186   36.575
            0.350000  0.350000  0.350000
  -36.080  -12.713  -11.986  -11.986   16.529   16.529   16.657   21.818   21.818   25.976
   30.666   31.824   31.824   37.249
            0.375000  0.375000  0.375000
  -36.069  -12.698  -12.040  -12.040   16.527   16.527   16.948   21.916   21.916   26.738
   29.739   31.485   31.485   37.972
            0.400000  0.400000  0.400000
  -36.060  -12.660  -12.097  -12.097   16.561   16.561   17.156   22.000   22.000   27.415
   29.008   31.164   31.164   38.742
            0.425000  0.425000  0.425000
  -36.054  -12.599  -12.154  -12.154   16.624   16.624   17.260   22.066   22.066   27.852
   28.640   30.858   30.858   39.559
            0.450000  0.450000  0.450000
  -36.051  -12.520  -12.212  -12.212   16.712   16.712   17.251   22.115   22.115   27.759
   28.939   30.561   30.561   40.423
            0.475000  0.475000  0.475000
  -36.049  -12.426  -12.268  -12.268   16.818   16.818   17.135   22.145   22.145   27.595
   29.450   30.270   30.270   41.332
            0.500000  0.500000  0.500000
  -36.048  -12.323  -12.323  -12.323   16.933   16.933   16.933   22.155   22.155   27.542
   29.988   29.988   29.988   42.286
            0.500000  0.475000  0.500000
  -36.048  -12.376  -12.321  -12.269   16.823   16.912   17.056   22.149   22.155   27.558
   29.702   30.022   30.251   41.791
            0.500000  0.450000  0.500000
  -36.049  -12.428  -12.316  -12.216   16.725   16.850   17.192   22.131   22.152   27.605
   29.398   30.121   30.485   41.318
            0.500000  0.425000  0.500000
  -36.049  -12.480  -12.308  -12.164   16.639   16.751   17.339   22.102   22.148   27.683
   29.079   30.283   30.684   40.896
            0.500000  0.400000  0.500000
  -36.050  -12.531  -12.298  -12.113   16.565   16.618   17.498   22.062   22.142   27.788
   28.750   30.502   30.842   40.541
            0.500000  0.375000  0.500000
  -36.051  -12.581  -12.285  -12.063   16.458   16.502   17.669   22.014   22.135   27.917
   28.413   30.772   30.954   40.263
            0.500000  0.350000  0.500000
  -36.052  -12.629  -12.269  -12.014   16.277   16.451   17.851   21.959   22.127   28.068
   28.070   31.017   31.084   40.069
            0.500000  0.325000  0.500000
  -36.054  -12.675  -12.252  -11.967   16.081   16.409   18.042   21.899   22.118   27.725
   28.236   31.029   31.429   39.961
            0.500000  0.300000  0.500000
  -36.055  -12.719  -12.233  -11.923   15.877   16.378   18.243   21.836   22.108   27.380
   28.418   30.992   31.798   39.938
            0.500000  0.275000  0.500000
  -36.057  -12.760  -12.213  -11.881   15.670   16.355   18.452   21.772   22.098   27.036
   28.610   30.914   32.181   39.995
            0.500000  0.250000  0.500000
  -36.058  -12.799  -12.192  -11.841   15.466   16.340   18.667   21.708   22.088   26.695
   28.807   30.801   32.566   40.126
            0.500000  0.225000  0.500000
  -36.060  -12.834  -12.171  -11.805   15.269   16.331   18.886   21.646   22.077   26.362
   29.007   30.665   32.944   40.261
            0.500000  0.200000  0.500000
  -36.061  -12.867  -12.151  -11.772   15.082   16.328   19.107   21.588   22.067   26.037
   29.204   30.514   33.304   40.028
            0.500000  0.175000  0.500000
  -36.063  -12.896  -12.132  -11.742   14.911   16.329   19.327   21.533   22.058   25.725
   29.394   30.359   33.636   39.820
            0.500000  0.150000  0.500000
  -36.064  -12.921  -12.114  -11.716   14.756   16.333   19.542   21.485   22.049   25.430
   29.573   30.208   33.933   39.639
            0.500000  0.125000  0.500000
  -36.065  -12.943  -12.098  -11.693   14.621   16.339   19.746   21.442   22.041   25.158
   29.735   30.068   34.188   39.485
            0.500000  0.100000  0.500000
  -36.066  -12.961  -12.084  -11.675   14.508   16.346   19.933   21.406   22.034   24.915
   29.876   29.946   34.396   39.358
            0.500000  0.075000  0.500000
  -36.067  -12.975  -12.073  -11.660   14.419   16.352   20.094   21.378   22.029   24.711
   29.846   29.992   34.557   39.260
            0.500000  0.050000  0.500000
  -36.067  -12.986  -12.065  -11.650   14.354   16.357   20.219   21.358   22.025   24.554
   29.772   30.078   34.670   39.189
            0.500000  0.025000  0.500000
  -36.068  -12.992  -12.060  -11.643   14.315   16.361   20.299   21.345   22.022   24.455
   29.726   30.131   34.737   39.146
            0.500000 -0.000000  0.500000
  -36.068  -12.994  -12.059  -11.641   14.302   16.362   20.327   21.341   22.022   24.421
   29.711   30.149   34.760   39.132
